   1499.9906394424343        1499.9961654229976        1499.9961654229976     
   1499.9859592293665        1499.9942481455241        1499.9942481455241     
   1499.9812790601084        1499.9923308754030        1499.9923308754030     
   1499.9765989346595        1499.9904136126336        1499.9904136126336     
   1499.9719188530194        1499.9884963572163        1499.9884963572163     
   1499.9672388151876        1499.9865791091506        1499.9865791091506     
   1499.9625588211638        1499.9846618684369        1499.9846618684369     
   1499.9578788709478        1499.9827446350751        1499.9827446350751     
   1499.9531989645386        1499.9808274090649        1499.9808274090649     
   1499.9485191019364        1499.9789101904066        1499.9789101904066     
   1499.9438392831403        1499.9769929791000        1499.9769929791000     
   1499.9391595081504        1499.9750757751449        1499.9750757751449     
   1499.9344797769659        1499.9731585785419        1499.9731585785419     
   1499.9306178069655        1499.9712054461984        1499.9712413892903     
   1499.9269198274446        1499.9692480127515        1499.9693241560951     
   1499.9233940106128        1499.9672864126687        1499.9674068700865     
   1499.9200479051578        1499.9653207909312        1499.9654895226299     
   1499.9168884099452        1499.9633513030867        1499.9635721053423     
   1499.9139217506786        1499.9613781153034        1499.9616546101083     
   1499.9111534596218        1499.9594014044176        1499.9597370290981     
   1499.9085883584839        1499.9574213579785        1499.9578193547823     
   1499.9062305445473        1499.9554381742901        1499.9559015799500     
   1499.9040833800952        1499.9534520624488        1499.9539836977237     
   1499.9021494851920        1499.9514632423770        1499.9520657015789     
   1499.9004307338387        1499.9494719448512        1499.9501475853574     
   1499.8989282535154        1499.9474784115268        1499.9482293432861     
   1499.8976424281041        1499.9454828949586        1499.9463109699939     
   1499.8965729041640        1499.9434856586131        1499.9443924605271     
   1499.8957186005191        1499.9414869768800        1499.9424738103676     
   1499.8950777210935        1499.9394871350737        1499.9405550154488     
   1499.8946477709178        1499.9374864294318        1499.9386360721737     
   1499.8944255752117        1499.9354851671069        1499.9367169774300     
   1499.8944073014291        1499.9334836661515        1499.9347977286088     
   1499.8945884841366        1499.9314822554970        1499.9328783236210     
   1499.8949640525866        1499.9294812749258        1499.9309587609137     
   1499.8955283608198        1499.9274810750364        1499.9290390394883     
   1499.8962752201323        1499.9254820172009        1499.9271191589171     
   1499.8971979337173        1499.9234844735161        1499.9251991193596     
   1499.8982893332870        1499.9214888267450        1499.9232789215816     
   1499.8995418174698        1499.9194954702532        1499.9213585669706     
   1499.9009473917615        1499.9175048079346        1499.9194380575534     
   1499.9024977098109        1499.9155172541296        1499.9175173960139     
   1499.9041841158041        1499.9135332335352        1499.9155965857099     
   1499.9059976877134        1499.9115531811065        1499.9136756306907     
   1499.9079292811680        1499.9095775419480        1499.9117545357135     
   1499.9099695737045        1499.9076067711969        1499.9098333062623     
   1499.9121091091490        1499.9056413338963        1499.9079119485637     
   1499.9143383418918        1499.9036817048598        1499.9059904696051     
   1499.9166476808066        1499.9017283685248        1499.9040688771520     
   1499.9188806232237        1499.8997818187975        1499.9021471797653     
   1499.9210379261988        1499.8978423160597        1499.9002253868189     
   1499.9231205215840        1499.8959101110927        1499.8983035081928     
   1499.9251294885494        1499.8939854450300        1499.8963815542586     
   1499.9270660289642        1499.8920685493167        1499.8944595358676     
   1499.9289314453740        1499.8901596456774        1499.8925374643352     
   1499.9307271213338        1499.8882589460859        1499.8906153514288     
   1499.9324545038776        1499.8863666527434        1499.8886932093528     
   1499.9341150879179        1499.8844829580630        1499.8867710507359     
   1499.9357104023979        1499.8826080446565        1499.8848488886158     
   1499.9372419980195        1499.8807420853302        1499.8829267364267     
   1499.9387114363963        1499.8788852430839        1499.8810046079852     
   1499.9401202804911        1499.8770376711145        1499.8790825174751     
   1499.9414700862044        1499.8751995128266        1499.8771604794351     
   1499.9427623950003        1499.8733709018466        1499.8752385087437     
   1499.9439987274609        1499.8715519620398        1499.8733166206050     
   1499.9451805776680        1499.8697428075361        1499.8713948305358     
   1499.9463094083276        1499.8679435427553        1499.8694731543501     
   1499.9473866465505        1499.8661542624400        1499.8675516081455     
   1499.9484136802189        1499.8643750516901        1499.8656302082895     
   1499.9493918548687        1499.8626059860035        1499.8637089714039     
   1499.9503224710256        1499.8608471313173        1499.8617879143517     
   1499.9512067819392        1499.8590985440551        1499.8598670542228     
   1499.9520459916669        1499.8573602711767        1499.8579464083184     
   1499.9528412534542        1499.8556323502303        1499.8560259941385     
   1499.9535936683753        1499.8539148094080        1499.8541058293656     
   1499.9543042841926        1499.8522076676054        1499.8521859318514     
   1499.9549740943983        1499.8505109344808        1499.8502663196020     
   1499.9556040374086        1499.8488246105198        1499.8483470107633     
   1499.9561949958781        1499.8471486871013        1499.8464280236067     
   1499.9567477961104        1499.8454831465629        1499.8445093765140     
   1499.9572632075351        1499.8438279622740        1499.8425910879637     
   1499.9577419422340        1499.8421830987040        1499.8406731765149     
   1499.9581846544900        1499.8405485114972        1499.8387556607945     
   1499.9585919403423        1499.8389241475465        1499.8368385594811     
   1499.9589643371278        1499.8373099450687        1499.8349218912904     
   1499.9593023229900        1499.8357058336815        1499.8330056749614     
   1499.9596063163442        1499.8341117344812        1499.8310899292401     
   1499.9598766752752        1499.8325275601210        1499.8291746728669     
   1499.9601136968597        1499.8309532148892        1499.8272599245588     
   1499.9603176163957        1499.8293885947892        1499.8253457029980     
   1499.9604886065238        1499.8278335876191        1499.8234320268136     
   1499.9606267762279        1499.8262880730513        1499.8215189145697     
   1499.9602034250793        1499.8244205308670        1499.8196001093695     
   1499.9597800742895        1499.8225529956603        1499.8176813115356     
   1499.9593567238578        1499.8206854674318        1499.8157625210681     
   1499.9589333737847        1499.8188179461808        1499.8138437379666     
   1499.9585100240702        1499.8169504319076        1499.8119249622314     
   1499.9580866747140        1499.8150829246122        1499.8100061938624     
   1499.9576633257163        1499.8132154242944        1499.8080874328593     
   1499.9572399770773        1499.8113479309545        1499.8061686792225     
