   306.35121350866217        293.00000769996450        293.00000769996450     
   306.35121350866217        293.00000769996450        293.00000769996450     
   306.35121350866217        293.00000769996450        293.00000769996450     
   306.35121350866217        293.00000769996450        293.00000769996450     
   306.35121350866217        293.00000769996450        293.00000769996450     
   306.35121350866217        293.00000769996450        293.00000769996450     
   306.35121350866217        293.00000769996450        293.00000769996450     
   306.35121350866217        293.00000769996450        293.00000769996450     
   306.35121350866217        293.00000769996450        293.00000769996450     
   306.35121350866217        293.00000769996450        293.00000769996450     
   306.35121350866217        293.00000769996450        293.00000769996450     
   306.35121350866217        293.00000769996450        293.00000769996450     
   306.35121350866217        293.00000769996450        293.00000769996450     
   306.16803818338855        293.01788077497253        293.00000769996444     
   305.97118853241273        293.03550863431906        293.00003162641360     
   305.76064655443565        293.05287294041500        293.00007915104237     
   305.53639424860239        293.06995533201729        293.00014992099000     
   305.29841361453299        293.08673742426174        293.00024355877355     
   305.04668665235442        293.10320080869633        293.00035966225693     
   304.78119536273238        293.11932705331452        293.00049780462007     
   304.50192174690238        293.13509770258838        293.00065753432790     
   304.20884780670229        293.15049427750250        293.00083837509993     
   303.90195554460354        293.16549827558697        293.00103982587927     
   303.58122696374312        293.18009117095119        293.00126136080240     
   303.24664406795580        293.19425441431741        293.00150242916862     
   302.89818886180598        293.20796943305470        293.00176245540962     
   302.53584335061947        293.22121763121248        293.00204083905930     
   302.15958954051621        293.23398038955469        293.00233695472349     
   301.76940943844198        293.24623906559350        293.00265015204997     
   301.36528505220076        293.25797499362375        293.00297975569845     
   300.94719839048747        293.26916948475679        293.00332506531061     
   300.51513146291978        293.27980382695512        293.00368535548040     
   300.06906628007096        293.28985928506637        293.00405987572401     
   299.60898485350242        293.29931710085822        293.00444785045067     
   299.13486919579600        293.30815849305247        293.00484847893273     
   298.64670132058700        293.31636465736023        293.00526093527645     
   298.14446324259654        293.32391676651633        293.00568436839256     
   297.62813697766450        293.33079597031428        293.00611790196695     
   297.09770454278214        293.33698339564148        293.00656063443142     
   296.55314795612503        293.34246014651393        293.00701163893484     
   295.99444923708597        293.34720730411181        293.00746996331389     
   295.42159040630776        293.35120592681460        293.00793463006437     
   294.83455348571607        293.35443705023653        293.00840463631221     
   294.23332049855247        293.35688168726216        293.00887895378486     
   293.61787346940747        293.35852082808196        293.00935652878269     
   292.98819442425321        293.35933544022805        293.00983628215033     
   292.34426539047666        293.35930646861016        293.01031710924838     
   291.68606839691245        293.35841483555140        293.01079787992501     
   291.01358547387588        293.35664144082466        293.01127743848764     
   290.35226781803789        293.35396716168844        293.01175460367494     
   289.70213160395031        293.35040694810590        293.01222816862867     
   289.06319300780297        293.34597577330953        293.01269694650824     
   288.43546820739459        293.34068863377644        293.01315977052440     
   287.81897338210405        293.33456054920390        293.01361549397200     
   287.21372471286099        293.32760656248439        293.01406299026360     
   286.61973838211730        293.31984173968101        293.01450115296234     
   286.03703057381784        293.31128117000236        293.01492889581499     
   285.46561747337154        293.30193996577782        293.01534515278502     
   284.90551526762232        293.29183326243196        293.01574887808528     
   284.35674014482049        293.28097621845984        293.01613904621104     
   283.81930829459333        293.26938401540144        293.01651465197267     
   283.29323590791654        293.25707185781641        293.01687471052838     
   282.77853917708495        293.24405497325870        293.01721825741663     
   282.27523429568379        293.23034861225079        293.01754434858890     
   281.78333745855946        293.21596804825822        293.01785206044201     
   281.30286486179097        293.20092857766389        293.01814048985068     
   280.83383270266040        293.18524551974212        293.01840875419970     
   280.37625717962447        293.16893421663303        293.01865599141632     
   279.93015449228534        293.15201003331623        293.01888136000230     
   279.49554084136122        293.13448835758510        293.01908403906617     
   279.07243242865820        293.11638460002064        293.01926322835510     
   278.66084545704047        293.09771419396492        293.01941814828706     
   278.26079613040173        293.07849259549522        293.01954803998262     
   277.87230065363599        293.05873528339737        293.01965216529686     
   277.49537523260864        293.03845775913942        293.01972980685088     
   277.13003607412730        293.01767554684511        293.01978026806376     
   276.77629938591281        292.99640419326710        293.01980287318412     
   276.43418137657045        292.97465926776044        293.01979696732150     
   276.10369825556046        292.95245636225593        293.01976191647799     
   275.78486623316917        292.92981109123269        293.01969710757959     
   275.47770152047997        292.90673909169192        293.01960194850744     
   275.18222032934415        292.88325602312938        293.01947586812912     
   274.89843887235185        292.85937756750866        293.01931831632987     
   274.62637336280301        292.83511942923354        293.01912876404367     
   274.36604001467816        292.81049733512111        293.01890670328407     
   274.11745504260949        292.78552703437430        293.01865164717537     
   273.88063466185150        292.76022429855442        293.01836312998347     
   273.65559508825208        292.73460492155385        293.01804070714661     
   273.44235253822319        292.70868471956805        293.01768395530593     
   273.24092322871201        292.68247953106840        293.01729247233664     
   273.05132337717151        292.65600521677396        293.01686587737777     
   272.87356920153138        292.62927765962399        293.01640381086361     
   272.87356920153138        292.62927765962399        293.01640381086361     
   272.87356920153138        292.62927765962399        293.01640381086361     
   272.87356920153138        292.62927765962399        293.01640381086361     
   272.87356920153138        292.62927765962399        293.01640381086361     
   272.87356920153138        292.62927765962399        293.01640381086361     
   272.87356920153138        292.62927765962399        293.01640381086361     
   272.87356920153138        292.62927765962399        293.01640381086361     
   272.87356920153138        292.62927765962399        293.01640381086361     
