   0.00000000       3.00000014E-04   6.50000013E-03   293.000000       1500.00000       0.00000000    
  0.899999976       3.00000014E-04   6.50000013E-03   293.006134       1499.99805       6.13183212    
   1.89999998       3.00000014E-04   6.50000013E-03   293.141296       1499.99622       141.299194    
   2.90000010       3.00000014E-04   6.50000013E-03   293.634216       1499.99414       634.225159    
   3.90000010       3.00000014E-04   6.50000013E-03   294.690826       1499.99207       1690.82678    
   4.90000010       3.00000014E-04   6.50000013E-03   296.454559       1499.98987       3454.56079    
   5.90000010       3.00000014E-04   6.50000013E-03   299.015869       1499.98718       6015.87939    
   6.90000010       3.00000014E-04   6.50000013E-03   302.427643       1499.98389       9427.65137    
   7.90000010       3.00000014E-04   6.50000013E-03   306.715912       1499.97961       13715.9023    
   8.89999962       3.00000014E-04   6.50000013E-03   311.884552       1499.97388       18884.5527    
   9.89999962       3.00000014E-04   6.50000013E-03   317.914032       1499.96582       24914.0410    
   10.8999996       3.00000014E-04   6.50000013E-03   324.753510       1499.95386       31753.5195    
   11.8999996       3.00000014E-04   6.50000013E-03   332.307678       1499.93591       39307.6719    
   12.8999996       3.00000014E-04   6.50000013E-03   340.423645       1499.90833       47423.6523    
   13.8999996       3.00000014E-04   6.50000013E-03   348.889923       1499.86597       55889.9297    
   14.8999996       3.00000014E-04   6.50000013E-03   357.458466       1499.80139       64458.4688    
   15.8999996       3.00000014E-04   6.50000013E-03   365.887543       1499.70544       72887.5547    
   16.8999996       3.00000014E-04   6.50000013E-03   373.985077       1499.56665       80985.0859    
   17.8999996       3.00000014E-04   6.50000013E-03   381.631744       1499.37268       88631.7578    
   18.8999996       3.00000014E-04   6.50000013E-03   388.779724       1499.11011       95779.7344    
   19.8999996       3.00000014E-04   6.50000013E-03   395.436707       1498.76587       102436.703    
   20.8999996       3.00000014E-04   6.50000013E-03   401.646912       1498.32617       108646.898    
   21.8999996       3.00000014E-04   6.50000013E-03   407.476105       1497.77771       114476.102    
   22.8999996       3.00000014E-04   6.50000013E-03   413.002472       1497.10583       120002.469    
   23.8999996       3.00000014E-04   6.50000013E-03   418.312897       1496.29504       125312.906    
   24.8999996       3.00000014E-04   6.50000013E-03   423.504059       1495.32678       130504.055    
   25.8999996       3.00000014E-04   6.50000013E-03   428.687683       1494.17822       135687.688    
   26.8999996       3.00000014E-04   6.50000013E-03   434.000336       1492.81897       141000.328    
   27.8999996       3.00000014E-04   6.50000013E-03   439.613708       1491.20654       146613.719    
   28.8999996       3.00000014E-04   6.50000013E-03   445.722778       1489.27905       152722.797    
   29.8999996       3.00000014E-04   6.50000013E-03   452.437042       1486.94824       159437.031    
   30.8999996       3.00000014E-04   6.50000013E-03   459.580078       1484.10437       166580.094    
   31.8999996       3.00000014E-04   6.50000013E-03   466.799500       1480.63831       173799.484    
   32.9000015       3.00000014E-04   6.50000013E-03   473.989288       1476.44775       180989.297    
   33.9000015       3.00000014E-04   6.50000013E-03   481.389954       1471.40930       188389.953    
   34.9000015       3.00000014E-04   6.50000013E-03   489.447968       1465.32959       196447.984    
   35.9000015       3.00000014E-04   6.50000013E-03   498.650452       1457.88928       205650.453    
   36.9000015       3.00000014E-04   6.50000013E-03   509.110718       1448.61145       216110.734    
   37.9000015       3.00000014E-04   6.50000013E-03   520.118958       1436.96912       227118.969    
   38.9000015       3.00000014E-04   6.50000013E-03   531.079407       1422.56152       238079.422    
   39.9000015       3.00000014E-04   6.50000013E-03   542.452393       1404.99976       249452.391    
   40.9000015       3.00000014E-04   6.50000013E-03   555.283142       1383.60315       262283.125    
   41.9000015       3.00000014E-04   6.50000013E-03   570.867188       1357.10779       277867.219    
   42.9000015       3.00000014E-04   6.50000013E-03   590.270447       1323.45276       297270.438    
   43.9000015       3.00000014E-04   6.50000013E-03   612.434937       1280.55334       319434.969    
   44.9000015       3.00000014E-04   6.50000013E-03   634.500549       1229.06213       341500.562    
   45.9000015       3.00000014E-04   6.50000013E-03   657.157837       1172.82263       364157.875    
   46.9000015       3.00000014E-04   6.50000013E-03   683.647522       1116.38220       390647.500    
   47.9000015       3.00000014E-04   6.50000013E-03   717.657227       1064.99927       424657.219    
   48.9000015       3.00000014E-04   6.50000013E-03   763.372620       1025.71326       470372.594    
   49.9000015       3.00000014E-04   6.50000013E-03   821.450378       1005.23682       528450.375    
   50.9000015       3.00000014E-04   6.50000013E-03   879.547729       1000.35632       586547.750    
   51.9000015       3.00000014E-04   6.50000013E-03   925.701172       1000.00653       632701.188    
   52.9000015       3.00000014E-04   6.50000013E-03   963.790100       1000.00006       670790.125    
   53.9000015       3.00000014E-04   6.50000013E-03   999.116638       1000.00000       706116.625    
   54.9000015       3.00000014E-04   6.50000013E-03   1034.99255       1000.00000       741992.562    
   55.9000015       3.00000014E-04   6.50000013E-03   1074.10876       1000.00000       781108.750    
   56.9000015       3.00000014E-04   6.50000013E-03   1117.44360       1000.00000       824443.625    
   57.9000015       3.00000014E-04   6.50000013E-03   1161.22363       1000.00000       868223.625    
   58.9000015       3.00000014E-04   6.50000013E-03   1200.10181       1000.00000       907101.812    
   59.9000015       3.00000014E-04   6.50000013E-03   1233.34875       1000.00000       940348.750    
   60.9000015       3.00000014E-04   6.50000013E-03   1262.74548       1000.00000       969745.438    
   61.9000015       3.00000014E-04   6.50000013E-03   1290.07861       1000.00000       997078.625    
   62.9000015       3.00000014E-04   6.50000013E-03   1316.83044       1000.00000       1023830.38    
   63.9000015       3.00000014E-04   6.50000013E-03   1344.09668       1000.00000       1051096.62    
   64.9000015       3.00000014E-04   6.50000013E-03   1371.99951       1000.00000       1078999.50    
   65.9000015       3.00000014E-04   6.50000013E-03   1399.24744       1000.00000       1106247.50    
   66.9000015       3.00000014E-04   6.50000013E-03   1424.27942       1000.00000       1131279.38    
   67.9000015       3.00000014E-04   6.50000013E-03   1446.55713       1000.00000       1153557.12    
   68.9000015       3.00000014E-04   6.50000013E-03   1466.38159       1000.00000       1173381.50    
   69.9000015       3.00000014E-04   6.50000013E-03   1484.33276       1000.00000       1191332.75    
   70.9000015       3.00000014E-04   6.50000013E-03   1501.01599       1000.00000       1208016.00    
   71.9000015       3.00000014E-04   6.50000013E-03   1516.95557       1000.00000       1223955.62    
   72.9000015       3.00000014E-04   6.50000013E-03   1532.45264       1000.00000       1239452.62    
   73.9000015       3.00000014E-04   6.50000013E-03   1547.41736       1000.00000       1254417.38    
   74.9000015       3.00000014E-04   6.50000013E-03   1561.42175       1000.00000       1268421.75    
   75.9000015       3.00000014E-04   6.50000013E-03   1574.02930       1000.00000       1281029.25    
   76.9000015       3.00000014E-04   6.50000013E-03   1585.04504       1000.00000       1292045.00    
   77.9000015       3.00000014E-04   6.50000013E-03   1594.51160       1000.00000       1301511.62    
   78.9000015       3.00000014E-04   6.50000013E-03   1602.60547       1000.00000       1309605.50    
   79.9000015       3.00000014E-04   6.50000013E-03   1609.55273       1000.00000       1316552.75    
   80.9000015       3.00000014E-04   6.50000013E-03   1615.57275       1000.00000       1322572.75    
   81.9000015       3.00000014E-04   6.50000013E-03   1620.82361       1000.00000       1327823.62    
   82.9000015       3.00000014E-04   6.50000013E-03   1625.35217       1000.00000       1332352.12    
   83.9000015       3.00000014E-04   6.50000013E-03   1629.08728       1000.00000       1336087.25    
   84.9000015       3.00000014E-04   6.50000013E-03   1631.90100       1000.00000       1338901.00    
   85.9000015       3.00000014E-04   6.50000013E-03   1633.69299       1000.00000       1340693.00    
   86.9000015       3.00000014E-04   6.50000013E-03   1634.43591       1000.00000       1341435.88    
   87.9000015       3.00000014E-04   6.50000013E-03   1634.17529       1000.00000       1341175.25    
   88.9000015       3.00000014E-04   6.50000013E-03   1633.00818       1000.00000       1340008.12    
   89.9000015       3.00000014E-04   6.50000013E-03   1631.05591       1000.00000       1338055.88    
   90.9000015       3.00000014E-04   6.50000013E-03   1628.43604       1000.00000       1335436.00    
   91.9000015       3.00000014E-04   6.50000013E-03   1625.23901       1000.00000       1332239.12    
   92.9000015       3.00000014E-04   6.50000013E-03   1621.52490       1000.00000       1328524.88    
   93.9000015       3.00000014E-04   6.50000013E-03   1617.35229       1000.00000       1324352.25    
   94.9000015       3.00000014E-04   6.50000013E-03   1612.82349       1000.00000       1319823.50    
   95.9000015       3.00000014E-04   6.50000013E-03   1608.09802       1000.00000       1315098.00    
   96.9000015       3.00000014E-04   6.50000013E-03   1603.33813       1000.00000       1310338.25    
   97.9000015       3.00000014E-04   6.50000013E-03   1598.62671       1000.00000       1305626.62    
   98.9000015       3.00000014E-04   6.50000013E-03   1593.94434       1000.00000       1300944.38    
   99.9000015       3.00000014E-04   6.50000013E-03   1589.20654       1000.00000       1296206.62    
