   0.00000000       3.00000014E-04   7.49999983E-03   293.000000       1500.00000       0.00000000    
  0.899999976       3.00000014E-04   7.49999983E-03   293.066559       1499.99805       66.5637894    
   1.89999998       3.00000014E-04   7.49999983E-03   293.651337       1499.99609       651.344543    
   2.90000010       3.00000014E-04   7.49999983E-03   295.188354       1499.99402       2188.35962    
   3.90000010       3.00000014E-04   7.49999983E-03   297.887756       1499.99158       4887.74609    
   4.90000010       3.00000014E-04   7.49999983E-03   301.829163       1499.98840       8829.16895    
   5.90000010       3.00000014E-04   7.49999983E-03   307.028992       1499.98425       14029.0039    
   6.90000010       3.00000014E-04   7.49999983E-03   313.471161       1499.97815       20471.1621    
   7.90000010       3.00000014E-04   7.49999983E-03   321.117798       1499.96875       28117.8066    
   8.89999962       3.00000014E-04   7.49999983E-03   329.907501       1499.95349       36907.5039    
   9.89999962       3.00000014E-04   7.49999983E-03   339.742432       1499.92786       46742.4375    
   10.8999996       3.00000014E-04   7.49999983E-03   350.465515       1499.88428       57465.5195    
   11.8999996       3.00000014E-04   7.49999983E-03   361.833649       1499.80933       68833.6641    
   12.8999996       3.00000014E-04   7.49999983E-03   373.506378       1499.68225       80506.3672    
   13.8999996       3.00000014E-04   7.49999983E-03   385.076569       1499.47327       92076.5703    
   14.8999996       3.00000014E-04   7.49999983E-03   396.150818       1499.14380       103150.820    
   15.8999996       3.00000014E-04   7.49999983E-03   406.440735       1498.65002       113440.734    
   16.8999996       3.00000014E-04   7.49999983E-03   415.810730       1497.94763       122810.734    
   17.8999996       3.00000014E-04   7.49999983E-03   424.264709       1496.99536       131264.719    
   18.8999996       3.00000014E-04   7.49999983E-03   431.898956       1495.75623       138898.969    
   19.8999996       3.00000014E-04   7.49999983E-03   438.854919       1494.19739       145854.922    
   20.8999996       3.00000014E-04   7.49999983E-03   445.288300       1492.28711       152288.297    
   21.8999996       3.00000014E-04   7.49999983E-03   451.354980       1489.99207       158354.984    
   22.8999996       3.00000014E-04   7.49999983E-03   457.209137       1487.27332       164209.141    
   23.8999996       3.00000014E-04   7.49999983E-03   463.009186       1484.08142       170009.188    
   24.8999996       3.00000014E-04   7.49999983E-03   468.930328       1480.34924       175930.328    
   25.8999996       3.00000014E-04   7.49999983E-03   475.183899       1475.98096       182183.906    
   26.8999996       3.00000014E-04   7.49999983E-03   482.043335       1470.83325       189043.344    
   27.8999996       3.00000014E-04   7.49999983E-03   489.860229       1464.68420       196860.219    
   28.8999996       3.00000014E-04   7.49999983E-03   498.976501       1457.18921       205976.500    
   29.8999996       3.00000014E-04   7.49999983E-03   509.319763       1447.86719       216319.781    
   30.8999996       3.00000014E-04   7.49999983E-03   520.072815       1436.22449       227072.828    
   31.8999996       3.00000014E-04   7.49999983E-03   530.644592       1421.91943       237644.562    
   32.9000015       3.00000014E-04   7.49999983E-03   541.481445       1404.64148       248481.453    
   33.9000015       3.00000014E-04   7.49999983E-03   553.598450       1383.81946       260598.438    
   34.9000015       3.00000014E-04   7.49999983E-03   568.205322       1358.36145       275205.344    
   35.9000015       3.00000014E-04   7.49999983E-03   586.333740       1326.47156       293333.750    
   36.9000015       3.00000014E-04   7.49999983E-03   607.451355       1286.15125       314451.344    
   37.9000015       3.00000014E-04   7.49999983E-03   629.165649       1237.33887       336165.625    
   38.9000015       3.00000014E-04   7.49999983E-03   651.375244       1182.99390       358375.219    
   39.9000015       3.00000014E-04   7.49999983E-03   676.651489       1127.30627       383651.500    
   40.9000015       3.00000014E-04   7.49999983E-03   708.289062       1075.21313       415289.062    
   41.9000015       3.00000014E-04   7.49999983E-03   750.279602       1033.21130       457279.594    
   42.9000015       3.00000014E-04   7.49999983E-03   804.886047       1008.41370       511886.062    
   43.9000015       3.00000014E-04   7.49999983E-03   863.752991       1000.80945       570753.000    
   44.9000015       3.00000014E-04   7.49999983E-03   913.291870       1000.02191       620291.875    
   45.9000015       3.00000014E-04   7.49999983E-03   955.068909       1000.00018       662068.875    
   46.9000015       3.00000014E-04   7.49999983E-03   995.032288       1000.00000       702032.312    
   47.9000015       3.00000014E-04   7.49999983E-03   1036.80872       1000.00000       743808.750    
   48.9000015       3.00000014E-04   7.49999983E-03   1083.50757       1000.00000       790507.562    
   49.9000015       3.00000014E-04   7.49999983E-03   1137.52600       1000.00000       844526.000    
   50.9000015       3.00000014E-04   7.49999983E-03   1196.16162       1000.00000       903161.625    
   51.9000015       3.00000014E-04   7.49999983E-03   1250.99060       1000.00000       957990.625    
   52.9000015       3.00000014E-04   7.49999983E-03   1298.86890       1000.00000       1005868.94    
   53.9000015       3.00000014E-04   7.49999983E-03   1341.32190       1000.00000       1048321.88    
   54.9000015       3.00000014E-04   7.49999983E-03   1380.46692       1000.00000       1087466.88    
   55.9000015       3.00000014E-04   7.49999983E-03   1418.35571       1000.00000       1125355.75    
   56.9000015       3.00000014E-04   7.49999983E-03   1456.63867       1000.00000       1163638.62    
   57.9000015       3.00000014E-04   7.49999983E-03   1495.16138       1000.00000       1202161.38    
   58.9000015       3.00000014E-04   7.49999983E-03   1531.68811       1000.00000       1238688.12    
   59.9000015       3.00000014E-04   7.49999983E-03   1564.60449       1000.00000       1271604.50    
   60.9000015       3.00000014E-04   7.49999983E-03   1593.91589       1000.00000       1300915.88    
   61.9000015       3.00000014E-04   7.49999983E-03   1620.33423       1000.00000       1327334.12    
   62.9000015       3.00000014E-04   7.49999983E-03   1644.72876       1000.00000       1351728.75    
   63.9000015       3.00000014E-04   7.49999983E-03   1667.94702       1000.00000       1374947.00    
   64.9000015       3.00000014E-04   7.49999983E-03   1690.55042       1000.00000       1397550.50    
   65.9000015       3.00000014E-04   7.49999983E-03   1712.43018       1000.00000       1419430.12    
   66.9000015       3.00000014E-04   7.49999983E-03   1732.92163       1000.00000       1439921.62    
   67.9000015       3.00000014E-04   7.49999983E-03   1751.45569       1000.00000       1458455.62    
   68.9000015       3.00000014E-04   7.49999983E-03   1767.87305       1000.00000       1474873.12    
   69.9000015       3.00000014E-04   7.49999983E-03   1782.31494       1000.00000       1489315.00    
   70.9000015       3.00000014E-04   7.49999983E-03   1795.06580       1000.00000       1502065.75    
   71.9000015       3.00000014E-04   7.49999983E-03   1806.45801       1000.00000       1513458.00    
   72.9000015       3.00000014E-04   7.49999983E-03   1816.78674       1000.00000       1523786.75    
   73.9000015       3.00000014E-04   7.49999983E-03   1826.19873       1000.00000       1533198.75    
   74.9000015       3.00000014E-04   7.49999983E-03   1834.62878       1000.00000       1541628.75    
   75.9000015       3.00000014E-04   7.49999983E-03   1841.88269       1000.00000       1548882.75    
   76.9000015       3.00000014E-04   7.49999983E-03   1847.78857       1000.00000       1554788.62    
   77.9000015       3.00000014E-04   7.49999983E-03   1852.27710       1000.00000       1559277.12    
   78.9000015       3.00000014E-04   7.49999983E-03   1855.37781       1000.00000       1562377.75    
   79.9000015       3.00000014E-04   7.49999983E-03   1857.18579       1000.00000       1564185.75    
   80.9000015       3.00000014E-04   7.49999983E-03   1857.82910       1000.00000       1564829.12    
   81.9000015       3.00000014E-04   7.49999983E-03   1857.43542       1000.00000       1564435.50    
   82.9000015       3.00000014E-04   7.49999983E-03   1856.09656       1000.00000       1563096.50    
   83.9000015       3.00000014E-04   7.49999983E-03   1853.84229       1000.00000       1560842.38    
   84.9000015       3.00000014E-04   7.49999983E-03   1850.64697       1000.00000       1557646.88    
   85.9000015       3.00000014E-04   7.49999983E-03   1846.46313       1000.00000       1553463.12    
   86.9000015       3.00000014E-04   7.49999983E-03   1841.25867       1000.00000       1548258.62    
   87.9000015       3.00000014E-04   7.49999983E-03   1835.03528       1000.00000       1542035.25    
   88.9000015       3.00000014E-04   7.49999983E-03   1827.82983       1000.00000       1534829.88    
   89.9000015       3.00000014E-04   7.49999983E-03   1819.70667       1000.00000       1526706.75    
   90.9000015       3.00000014E-04   7.49999983E-03   1810.74451       1000.00000       1517744.50    
   91.9000015       3.00000014E-04   7.49999983E-03   1801.02087       1000.00000       1508020.88    
   92.9000015       3.00000014E-04   7.49999983E-03   1790.60229       1000.00000       1497602.25    
   93.9000015       3.00000014E-04   7.49999983E-03   1779.54785       1000.00000       1486547.88    
   94.9000015       3.00000014E-04   7.49999983E-03   1767.92847       1000.00000       1474928.50    
   95.9000015       3.00000014E-04   7.49999983E-03   1755.84509       1000.00000       1462845.12    
   96.9000015       3.00000014E-04   7.49999983E-03   1743.42053       1000.00000       1450420.50    
   97.9000015       3.00000014E-04   7.49999983E-03   1730.76294       1000.00000       1437763.00    
   98.9000015       3.00000014E-04   7.49999983E-03   1717.93311       1000.00000       1424933.12    
   99.9000015       3.00000014E-04   7.49999983E-03   1704.94128       1000.00000       1411941.25    
