   0.00000000       3.00000014E-04   9.49999969E-03   293.000000       1500.00000       0.00000000    
  0.899999976       3.00000014E-04   9.49999969E-03   295.467560       1499.99792       2467.56763    
   1.89999998       3.00000014E-04   9.49999969E-03   302.193176       1499.99512       9193.16309    
   2.90000010       3.00000014E-04   9.49999969E-03   312.084961       1499.98999       19084.9727    
   3.90000010       3.00000014E-04   9.49999969E-03   324.584991       1499.97974       31584.9902    
   4.90000010       3.00000014E-04   9.49999969E-03   339.343872       1499.95740       46343.8711    
   5.90000010       3.00000014E-04   9.49999969E-03   356.106415       1499.90625       63106.3984    
   6.90000010       3.00000014E-04   9.49999969E-03   374.652557       1499.78870       81652.5469    
   7.90000010       3.00000014E-04   9.49999969E-03   394.747772       1499.52063       101747.781    
   8.89999962       3.00000014E-04   9.49999969E-03   416.082153       1498.92798       123082.164    
   9.89999962       3.00000014E-04   9.49999969E-03   438.192261       1497.67688       145192.250    
   10.8999996       3.00000014E-04   9.49999969E-03   460.388611       1495.19714       167388.609    
   11.8999996       3.00000014E-04   9.49999969E-03   481.763214       1490.65662       188763.234    
   12.8999996       3.00000014E-04   9.49999969E-03   501.373657       1483.07874       208373.641    
   13.8999996       3.00000014E-04   9.49999969E-03   518.581238       1471.61438       225581.219    
   14.8999996       3.00000014E-04   9.49999969E-03   533.301514       1455.79993       240301.516    
   15.8999996       3.00000014E-04   9.49999969E-03   545.945007       1435.60876       252945.000    
   16.8999996       3.00000014E-04   9.49999969E-03   557.144897       1411.30872       264144.906    
   17.8999996       3.00000014E-04   9.49999969E-03   567.524597       1383.29187       274524.625    
   18.8999996       3.00000014E-04   9.49999969E-03   577.608459       1351.97473       284608.500    
   19.8999996       3.00000014E-04   9.49999969E-03   587.832336       1317.77112       294832.375    
   20.8999996       3.00000014E-04   9.49999969E-03   598.591370       1281.10535       305591.375    
   21.8999996       3.00000014E-04   9.49999969E-03   610.296936       1242.44556       317296.938    
   22.8999996       3.00000014E-04   9.49999969E-03   623.441345       1202.35571       330441.375    
   23.8999996       3.00000014E-04   9.49999969E-03   638.682800       1161.57202       345682.812    
   24.8999996       3.00000014E-04   9.49999969E-03   656.973145       1121.12512       363973.125    
   25.8999996       3.00000014E-04   9.49999969E-03   679.756348       1082.54407       386756.375    
   26.8999996       3.00000014E-04   9.49999969E-03   709.217957       1048.16760       416217.969    
   27.8999996       3.00000014E-04   9.49999969E-03   748.195068       1021.40399       455195.094    
   28.8999996       3.00000014E-04   9.49999969E-03   797.886353       1005.77826       504886.344    
   29.8999996       3.00000014E-04   9.49999969E-03   851.581421       1000.67615       558581.438    
   30.8999996       3.00000014E-04   9.49999969E-03   897.732239       1000.02655       604732.188    
   31.8999996       3.00000014E-04   9.49999969E-03   935.342102       1000.00031       642342.062    
   32.9000015       3.00000014E-04   9.49999969E-03   969.801270       1000.00000       676801.312    
   33.9000015       3.00000014E-04   9.49999969E-03   1005.77496       1000.00000       712775.000    
   34.9000015       3.00000014E-04   9.49999969E-03   1047.19299       1000.00000       754193.000    
   35.9000015       3.00000014E-04   9.49999969E-03   1097.49097       1000.00000       804491.000    
   36.9000015       3.00000014E-04   9.49999969E-03   1156.81934       1000.00000       863819.375    
   37.9000015       3.00000014E-04   9.49999969E-03   1218.67334       1000.00000       925673.312    
   38.9000015       3.00000014E-04   9.49999969E-03   1276.67883       1000.00000       983678.875    
   39.9000015       3.00000014E-04   9.49999969E-03   1330.33337       1000.00000       1037333.38    
   40.9000015       3.00000014E-04   9.49999969E-03   1381.85010       1000.00000       1088850.12    
   41.9000015       3.00000014E-04   9.49999969E-03   1434.11499       1000.00000       1141115.00    
   42.9000015       3.00000014E-04   9.49999969E-03   1490.29883       1000.00000       1197298.88    
   43.9000015       3.00000014E-04   9.49999969E-03   1552.49927       1000.00000       1259499.25    
   44.9000015       3.00000014E-04   9.49999969E-03   1619.01086       1000.00000       1326010.88    
   45.9000015       3.00000014E-04   9.49999969E-03   1685.90710       1000.00000       1392907.12    
   46.9000015       3.00000014E-04   9.49999969E-03   1751.19495       1000.00000       1458195.00    
   47.9000015       3.00000014E-04   9.49999969E-03   1815.00281       1000.00000       1522002.88    
   48.9000015       3.00000014E-04   9.49999969E-03   1878.53516       1000.00000       1585535.12    
   49.9000015       3.00000014E-04   9.49999969E-03   1943.57593       1000.00000       1650575.88    
   50.9000015       3.00000014E-04   9.49999969E-03   2005.19934       1000.00000       1712199.38    
   51.9000015       3.00000014E-04   9.49999969E-03   2059.36328       1000.00000       1766363.12    
   52.9000015       3.00000014E-04   9.49999969E-03   2107.51294       1000.00000       1814512.88    
   53.9000015       3.00000014E-04   9.49999969E-03   2149.61279       1000.00000       1856612.88    
   54.9000015       3.00000014E-04   9.49999969E-03   2186.02295       1000.00000       1893022.88    
   55.9000015       3.00000014E-04   9.49999969E-03   2217.61768       1000.00000       1924617.75    
   56.9000015       3.00000014E-04   9.49999969E-03   2245.61499       1000.00000       1952615.00    
   57.9000015       3.00000014E-04   9.49999969E-03   2271.23755       1000.00000       1978237.62    
   58.9000015       3.00000014E-04   9.49999969E-03   2295.11230       1000.00000       2002112.25    
   59.9000015       3.00000014E-04   9.49999969E-03   2317.04907       1000.00000       2024049.12    
   60.9000015       3.00000014E-04   9.49999969E-03   2336.55591       1000.00000       2043555.88    
   61.9000015       3.00000014E-04   9.49999969E-03   2353.32886       1000.00000       2060328.75    
   62.9000015       3.00000014E-04   9.49999969E-03   2367.37769       1000.00000       2074377.75    
   63.9000015       3.00000014E-04   9.49999969E-03   2378.97583       1000.00000       2085975.88    
   64.9000015       3.00000014E-04   9.49999969E-03   2388.55591       1000.00000       2095555.75    
   65.9000015       3.00000014E-04   9.49999969E-03   2396.54053       1000.00000       2103540.50    
   66.9000015       3.00000014E-04   9.49999969E-03   2403.14673       1000.00000       2110146.75    
   67.9000015       3.00000014E-04   9.49999969E-03   2408.33252       1000.00000       2115332.50    
   68.9000015       3.00000014E-04   9.49999969E-03   2411.92603       1000.00000       2118926.25    
   69.9000015       3.00000014E-04   9.49999969E-03   2413.77905       1000.00000       2120779.00    
   70.9000015       3.00000014E-04   9.49999969E-03   2413.83887       1000.00000       2120839.00    
   71.9000015       3.00000014E-04   9.49999969E-03   2412.16016       1000.00000       2119160.00    
   72.9000015       3.00000014E-04   9.49999969E-03   2408.88013       1000.00000       2115880.00    
   73.9000015       3.00000014E-04   9.49999969E-03   2404.17480       1000.00000       2111174.75    
   74.9000015       3.00000014E-04   9.49999969E-03   2398.19556       1000.00000       2105195.50    
   75.9000015       3.00000014E-04   9.49999969E-03   2391.01782       1000.00000       2098017.75    
   76.9000015       3.00000014E-04   9.49999969E-03   2382.63721       1000.00000       2089637.38    
   77.9000015       3.00000014E-04   9.49999969E-03   2373.00562       1000.00000       2080005.50    
   78.9000015       3.00000014E-04   9.49999969E-03   2362.07422       1000.00000       2069074.38    
   79.9000015       3.00000014E-04   9.49999969E-03   2349.82324       1000.00000       2056823.38    
   80.9000015       3.00000014E-04   9.49999969E-03   2336.26978       1000.00000       2043269.88    
   81.9000015       3.00000014E-04   9.49999969E-03   2321.46533       1000.00000       2028465.38    
   82.9000015       3.00000014E-04   9.49999969E-03   2305.48218       1000.00000       2012482.12    
   83.9000015       3.00000014E-04   9.49999969E-03   2288.39404       1000.00000       1995394.00    
   84.9000015       3.00000014E-04   9.49999969E-03   2270.25781       1000.00000       1977257.75    
   85.9000015       3.00000014E-04   9.49999969E-03   2251.10278       1000.00000       1958102.88    
   86.9000015       3.00000014E-04   9.49999969E-03   2230.93677       1000.00000       1937936.88    
   87.9000015       3.00000014E-04   9.49999969E-03   2209.75732       1000.00000       1916757.38    
   88.9000015       3.00000014E-04   9.49999969E-03   2187.56543       1000.00000       1894565.50    
   89.9000015       3.00000014E-04   9.49999969E-03   2164.37549       1000.00000       1871375.38    
   90.9000015       3.00000014E-04   9.49999969E-03   2140.21753       1000.00000       1847217.50    
   91.9000015       3.00000014E-04   9.49999969E-03   2115.13696       1000.00000       1822137.00    
   92.9000015       3.00000014E-04   9.49999969E-03   2089.18823       1000.00000       1796188.12    
   93.9000015       3.00000014E-04   9.49999969E-03   2062.42871       1000.00000       1769428.75    
   94.9000015       3.00000014E-04   9.49999969E-03   2034.91772       1000.00000       1741917.75    
   95.9000015       3.00000014E-04   9.49999969E-03   2006.72009       1000.00000       1713720.12    
   96.9000015       3.00000014E-04   9.49999969E-03   1977.91382       1000.00000       1684913.75    
   97.9000015       3.00000014E-04   9.49999969E-03   1948.58923       1000.00000       1655589.25    
   98.9000015       3.00000014E-04   9.49999969E-03   1918.83875       1000.00000       1625838.75    
   99.9000015       3.00000014E-04   9.49999969E-03   1888.74146       1000.00000       1595741.50    
