   0.00000000       3.00000014E-04   8.50000046E-03   293.000000       1500.00000       0.00000000    
  0.899999976       3.00000014E-04   8.50000046E-03   293.442719       1499.99805       442.711884    
   1.89999998       3.00000014E-04   8.50000046E-03   295.610199       1499.99597       2610.20239    
   2.90000010       3.00000014E-04   8.50000046E-03   299.807068       1499.99329       6807.07959    
   3.90000010       3.00000014E-04   8.50000046E-03   305.969910       1499.98950       12969.9092    
   4.90000010       3.00000014E-04   8.50000046E-03   313.976105       1499.98340       20976.1016    
   5.90000010       3.00000014E-04   8.50000046E-03   323.701141       1499.97302       30701.1543    
   6.90000010       3.00000014E-04   8.50000046E-03   335.023407       1499.95386       42023.4180    
   7.90000010       3.00000014E-04   8.50000046E-03   347.812225       1499.91736       54812.2109    
   8.89999962       3.00000014E-04   8.50000046E-03   361.903290       1499.84619       68903.2734    
   9.89999962       3.00000014E-04   8.50000046E-03   377.059540       1499.70715       84059.5547    
   10.8999996       3.00000014E-04   8.50000046E-03   392.921539       1499.43982       99921.5312    
   11.8999996       3.00000014E-04   8.50000046E-03   408.972198       1498.94434       115972.188    
   12.8999996       3.00000014E-04   8.50000046E-03   424.568512       1498.07434       131568.516    
   13.8999996       3.00000014E-04   8.50000046E-03   439.078369       1496.64734       146078.375    
   14.8999996       3.00000014E-04   8.50000046E-03   452.070862       1494.47620       159070.859    
   15.8999996       3.00000014E-04   8.50000046E-03   463.426117       1491.40295       170426.125    
   16.8999996       3.00000014E-04   8.50000046E-03   473.295105       1487.31580       180295.109    
   17.8999996       3.00000014E-04   8.50000046E-03   481.974121       1482.14294       188974.109    
   18.8999996       3.00000014E-04   8.50000046E-03   489.793701       1475.83289       196793.719    
   19.8999996       3.00000014E-04   8.50000046E-03   497.062073       1468.33557       204062.078    
   20.8999996       3.00000014E-04   8.50000046E-03   504.052673       1459.58508       211052.688    
   21.8999996       3.00000014E-04   8.50000046E-03   511.015472       1449.48486       218015.469    
   22.8999996       3.00000014E-04   8.50000046E-03   518.198853       1437.89148       225198.875    
   23.8999996       3.00000014E-04   8.50000046E-03   525.879395       1424.59082       232879.359    
   24.8999996       3.00000014E-04   8.50000046E-03   534.401428       1409.26123       241401.438    
   25.8999996       3.00000014E-04   8.50000046E-03   544.234863       1391.40833       251234.828    
   26.8999996       3.00000014E-04   8.50000046E-03   556.046814       1370.25415       263046.812    
   27.8999996       3.00000014E-04   8.50000046E-03   570.715393       1344.56311       277715.406    
   28.8999996       3.00000014E-04   8.50000046E-03   588.906189       1312.53308       295906.188    
   29.8999996       3.00000014E-04   8.50000046E-03   609.679138       1272.45154       316679.125    
   30.8999996       3.00000014E-04   8.50000046E-03   630.612183       1224.77148       337612.156    
   31.8999996       3.00000014E-04   8.50000046E-03   651.651917       1172.76697       358651.906    
   32.9000015       3.00000014E-04   8.50000046E-03   675.263123       1120.56348       382263.125    
   33.9000015       3.00000014E-04   8.50000046E-03   704.567627       1072.46606       411567.656    
   34.9000015       3.00000014E-04   8.50000046E-03   743.135254       1033.64099       450135.250    
   35.9000015       3.00000014E-04   8.50000046E-03   793.336060       1009.67010       500336.031    
   36.9000015       3.00000014E-04   8.50000046E-03   849.749817       1001.19983       556749.812    
   37.9000015       3.00000014E-04   8.50000046E-03   900.349304       1000.04639       607349.312    
   38.9000015       3.00000014E-04   8.50000046E-03   943.472473       1000.00049       650472.438    
   39.9000015       3.00000014E-04   8.50000046E-03   983.587158       1000.00000       690587.188    
   40.9000015       3.00000014E-04   8.50000046E-03   1024.19421       1000.00000       731194.250    
   41.9000015       3.00000014E-04   8.50000046E-03   1068.62231       1000.00000       775622.375    
   42.9000015       3.00000014E-04   8.50000046E-03   1120.06494       1000.00000       827065.000    
   43.9000015       3.00000014E-04   8.50000046E-03   1178.26709       1000.00000       885267.125    
   44.9000015       3.00000014E-04   8.50000046E-03   1237.26770       1000.00000       944267.688    
   45.9000015       3.00000014E-04   8.50000046E-03   1293.19946       1000.00000       1000199.50    
   46.9000015       3.00000014E-04   8.50000046E-03   1346.68713       1000.00000       1053687.12    
   47.9000015       3.00000014E-04   8.50000046E-03   1399.43127       1000.00000       1106431.25    
   48.9000015       3.00000014E-04   8.50000046E-03   1453.42456       1000.00000       1160424.50    
   49.9000015       3.00000014E-04   8.50000046E-03   1510.83813       1000.00000       1217838.12    
   50.9000015       3.00000014E-04   8.50000046E-03   1570.95520       1000.00000       1277955.12    
   51.9000015       3.00000014E-04   8.50000046E-03   1627.91699       1000.00000       1334917.00    
   52.9000015       3.00000014E-04   8.50000046E-03   1679.03149       1000.00000       1386031.50    
   53.9000015       3.00000014E-04   8.50000046E-03   1724.14795       1000.00000       1431147.88    
   54.9000015       3.00000014E-04   8.50000046E-03   1764.18835       1000.00000       1471188.38    
   55.9000015       3.00000014E-04   8.50000046E-03   1800.47607       1000.00000       1507476.12    
   56.9000015       3.00000014E-04   8.50000046E-03   1834.46729       1000.00000       1541467.38    
   57.9000015       3.00000014E-04   8.50000046E-03   1867.14185       1000.00000       1574141.88    
   58.9000015       3.00000014E-04   8.50000046E-03   1898.29260       1000.00000       1605292.62    
   59.9000015       3.00000014E-04   8.50000046E-03   1927.06848       1000.00000       1634068.50    
   60.9000015       3.00000014E-04   8.50000046E-03   1952.95776       1000.00000       1659957.75    
   61.9000015       3.00000014E-04   8.50000046E-03   1975.95081       1000.00000       1682950.88    
   62.9000015       3.00000014E-04   8.50000046E-03   1996.36206       1000.00000       1703362.12    
   63.9000015       3.00000014E-04   8.50000046E-03   2014.68835       1000.00000       1721688.38    
   64.9000015       3.00000014E-04   8.50000046E-03   2031.45862       1000.00000       1738458.62    
   65.9000015       3.00000014E-04   8.50000046E-03   2046.99133       1000.00000       1753991.25    
   66.9000015       3.00000014E-04   8.50000046E-03   2061.23682       1000.00000       1768236.88    
   67.9000015       3.00000014E-04   8.50000046E-03   2073.93213       1000.00000       1780932.25    
   68.9000015       3.00000014E-04   8.50000046E-03   2084.85449       1000.00000       1791854.50    
   69.9000015       3.00000014E-04   8.50000046E-03   2093.92480       1000.00000       1800924.88    
   70.9000015       3.00000014E-04   8.50000046E-03   2101.19971       1000.00000       1808199.75    
   71.9000015       3.00000014E-04   8.50000046E-03   2106.83325       1000.00000       1813833.25    
   72.9000015       3.00000014E-04   8.50000046E-03   2111.02954       1000.00000       1818029.50    
   73.9000015       3.00000014E-04   8.50000046E-03   2113.97607       1000.00000       1820976.00    
   74.9000015       3.00000014E-04   8.50000046E-03   2115.77148       1000.00000       1822771.38    
   75.9000015       3.00000014E-04   8.50000046E-03   2116.40479       1000.00000       1823404.75    
   76.9000015       3.00000014E-04   8.50000046E-03   2115.80298       1000.00000       1822803.00    
   77.9000015       3.00000014E-04   8.50000046E-03   2113.89551       1000.00000       1820895.38    
   78.9000015       3.00000014E-04   8.50000046E-03   2110.64966       1000.00000       1817649.62    
   79.9000015       3.00000014E-04   8.50000046E-03   2106.08032       1000.00000       1813080.38    
   80.9000015       3.00000014E-04   8.50000046E-03   2100.24268       1000.00000       1807242.75    
   81.9000015       3.00000014E-04   8.50000046E-03   2093.21753       1000.00000       1800217.62    
   82.9000015       3.00000014E-04   8.50000046E-03   2085.09033       1000.00000       1792090.38    
   83.9000015       3.00000014E-04   8.50000046E-03   2075.92700       1000.00000       1782927.00    
   84.9000015       3.00000014E-04   8.50000046E-03   2065.76025       1000.00000       1772760.25    
   85.9000015       3.00000014E-04   8.50000046E-03   2054.59302       1000.00000       1761593.00    
   86.9000015       3.00000014E-04   8.50000046E-03   2042.41528       1000.00000       1749415.25    
   87.9000015       3.00000014E-04   8.50000046E-03   2029.22131       1000.00000       1736221.25    
   88.9000015       3.00000014E-04   8.50000046E-03   2015.02087       1000.00000       1722020.88    
   89.9000015       3.00000014E-04   8.50000046E-03   1999.84351       1000.00000       1706843.50    
   90.9000015       3.00000014E-04   8.50000046E-03   1983.73596       1000.00000       1690736.00    
   91.9000015       3.00000014E-04   8.50000046E-03   1966.75635       1000.00000       1673756.25    
   92.9000015       3.00000014E-04   8.50000046E-03   1948.96497       1000.00000       1655965.00    
   93.9000015       3.00000014E-04   8.50000046E-03   1930.42114       1000.00000       1637421.12    
   94.9000015       3.00000014E-04   8.50000046E-03   1911.18616       1000.00000       1618186.25    
   95.9000015       3.00000014E-04   8.50000046E-03   1891.33459       1000.00000       1598334.62    
   96.9000015       3.00000014E-04   8.50000046E-03   1870.95874       1000.00000       1577958.75    
   97.9000015       3.00000014E-04   8.50000046E-03   1850.15845       1000.00000       1557158.38    
   98.9000015       3.00000014E-04   8.50000046E-03   1829.02087       1000.00000       1536020.88    
   99.9000015       3.00000014E-04   8.50000046E-03   1807.60596       1000.00000       1514605.88    
