   0.00000000       3.00000014E-04   5.49999997E-03   293.000000       1500.00000       0.00000000    
  0.899999976       3.00000014E-04   5.49999997E-03   292.997467       1499.99805      -2.54040909    
   1.89999998       3.00000014E-04   5.49999997E-03   293.022980       1499.99622       22.9791584    
   2.90000010       3.00000014E-04   5.49999997E-03   293.162262       1499.99426       162.267151    
   3.90000010       3.00000014E-04   5.49999997E-03   293.534058       1499.99231       534.064880    
   4.90000010       3.00000014E-04   5.49999997E-03   294.253815       1499.99023       1253.80408    
   5.90000010       3.00000014E-04   5.49999997E-03   295.417694       1499.98804       2417.70630    
   6.90000010       3.00000014E-04   5.49999997E-03   297.100189       1499.98560       4100.19873    
   7.90000010       3.00000014E-04   5.49999997E-03   299.356018       1499.98291       6356.00439    
   8.89999962       3.00000014E-04   5.49999997E-03   302.222565       1499.97961       9222.56152    
   9.89999962       3.00000014E-04   5.49999997E-03   305.720795       1499.97559       12720.7939    
   10.8999996       3.00000014E-04   5.49999997E-03   309.853119       1499.97034       16853.1074    
   11.8999996       3.00000014E-04   5.49999997E-03   314.598083       1499.96350       21598.0938    
   12.8999996       3.00000014E-04   5.49999997E-03   319.902954       1499.95410       26902.9434    
   13.8999996       3.00000014E-04   5.49999997E-03   325.677460       1499.94128       32677.4590    
   14.8999996       3.00000014E-04   5.49999997E-03   331.795898       1499.92310       38795.8984    
   15.8999996       3.00000014E-04   5.49999997E-03   338.110626       1499.89771       45110.6367    
   16.8999996       3.00000014E-04   5.49999997E-03   344.474213       1499.86218       51474.2109    
   17.8999996       3.00000014E-04   5.49999997E-03   350.760498       1499.81335       57760.4961    
   18.8999996       3.00000014E-04   5.49999997E-03   356.877258       1499.74744       63877.2539    
   19.8999996       3.00000014E-04   5.49999997E-03   362.768585       1499.66003       69768.5859    
   20.8999996       3.00000014E-04   5.49999997E-03   368.410553       1499.54651       75410.5625    
   21.8999996       3.00000014E-04   5.49999997E-03   373.804199       1499.40186       80804.1953    
   22.8999996       3.00000014E-04   5.49999997E-03   378.968811       1499.22070       85968.8203    
   23.8999996       3.00000014E-04   5.49999997E-03   383.937256       1498.99707       90937.2422    
   24.8999996       3.00000014E-04   5.49999997E-03   388.753235       1498.72449       95753.2344    
   25.8999996       3.00000014E-04   5.49999997E-03   393.471527       1498.39563       100471.523    
   26.8999996       3.00000014E-04   5.49999997E-03   398.160400       1498.00146       105160.398    
   27.8999996       3.00000014E-04   5.49999997E-03   402.906281       1497.53101       109906.273    
   28.8999996       3.00000014E-04   5.49999997E-03   407.815002       1496.96924       114815.008    
   29.8999996       3.00000014E-04   5.49999997E-03   412.987183       1496.29626       119987.195    
   30.8999996       3.00000014E-04   5.49999997E-03   418.440887       1495.48584       125440.898    
   31.8999996       3.00000014E-04   5.49999997E-03   424.067657       1494.50745       131067.648    
   32.9000015       3.00000014E-04   5.49999997E-03   429.744659       1493.32837       136744.656    
   33.9000015       3.00000014E-04   5.49999997E-03   435.463135       1491.91394       142463.141    
   34.9000015       3.00000014E-04   5.49999997E-03   441.346985       1490.22070       148346.969    
   35.9000015       3.00000014E-04   5.49999997E-03   447.606384       1488.18738       154606.375    
   36.9000015       3.00000014E-04   5.49999997E-03   454.410126       1485.72510       161410.109    
   37.9000015       3.00000014E-04   5.49999997E-03   461.650787       1482.71924       168650.797    
   38.9000015       3.00000014E-04   5.49999997E-03   469.007172       1479.05176       176007.172    
   39.9000015       3.00000014E-04   5.49999997E-03   476.385956       1474.60828       183385.953    
   40.9000015       3.00000014E-04   5.49999997E-03   484.038361       1469.24805       191038.375    
   41.9000015       3.00000014E-04   5.49999997E-03   492.430573       1462.75085       199430.578    
   42.9000015       3.00000014E-04   5.49999997E-03   502.069427       1454.75256       209069.422    
   43.9000015       3.00000014E-04   5.49999997E-03   512.954529       1444.72058       219954.516    
   44.9000015       3.00000014E-04   5.49999997E-03   524.138489       1432.12134       231138.484    
   45.9000015       3.00000014E-04   5.49999997E-03   535.135681       1416.60510       242135.688    
   46.9000015       3.00000014E-04   5.49999997E-03   546.698181       1397.78308       253698.156    
   47.9000015       3.00000014E-04   5.49999997E-03   560.059998       1374.87061       267059.969    
   48.9000015       3.00000014E-04   5.49999997E-03   576.616089       1346.38892       283616.062    
   49.9000015       3.00000014E-04   5.49999997E-03   597.183350       1310.05737       304183.375    
   50.9000015       3.00000014E-04   5.49999997E-03   619.833069       1264.16028       326833.062    
   51.9000015       3.00000014E-04   5.49999997E-03   641.904724       1210.54919       348904.719    
   52.9000015       3.00000014E-04   5.49999997E-03   664.909973       1153.87231       371909.969    
   53.9000015       3.00000014E-04   5.49999997E-03   692.003418       1099.12952       399003.406    
   54.9000015       3.00000014E-04   5.49999997E-03   726.454224       1051.94141       433454.188    
   55.9000015       3.00000014E-04   5.49999997E-03   771.000366       1018.83221       478000.375    
   56.9000015       3.00000014E-04   5.49999997E-03   822.821594       1003.57819       529821.625    
   57.9000015       3.00000014E-04   5.49999997E-03   869.439514       1000.27173       576439.500    
   58.9000015       3.00000014E-04   5.49999997E-03   904.641174       1000.00787       611641.125    
   59.9000015       3.00000014E-04   5.49999997E-03   933.283508       1000.00012       640283.500    
   60.9000015       3.00000014E-04   5.49999997E-03   959.774719       1000.00000       666774.750    
   61.9000015       3.00000014E-04   5.49999997E-03   986.671326       1000.00000       693671.312    
   62.9000015       3.00000014E-04   5.49999997E-03   1015.78259       1000.00000       722782.562    
   63.9000015       3.00000014E-04   5.49999997E-03   1047.89441       1000.00000       754894.375    
   64.9000015       3.00000014E-04   5.49999997E-03   1081.35449       1000.00000       788354.500    
   65.9000015       3.00000014E-04   5.49999997E-03   1112.50977       1000.00000       819509.688    
   66.9000015       3.00000014E-04   5.49999997E-03   1139.43030       1000.00000       846430.312    
   67.9000015       3.00000014E-04   5.49999997E-03   1162.74731       1000.00000       869747.312    
   68.9000015       3.00000014E-04   5.49999997E-03   1183.76953       1000.00000       890769.562    
   69.9000015       3.00000014E-04   5.49999997E-03   1203.63452       1000.00000       910634.500    
   70.9000015       3.00000014E-04   5.49999997E-03   1223.23975       1000.00000       930239.750    
   71.9000015       3.00000014E-04   5.49999997E-03   1243.17029       1000.00000       950170.312    
   72.9000015       3.00000014E-04   5.49999997E-03   1263.42493       1000.00000       970424.875    
   73.9000015       3.00000014E-04   5.49999997E-03   1283.25269       1000.00000       990252.688    
   74.9000015       3.00000014E-04   5.49999997E-03   1301.64734       1000.00000       1008647.31    
   75.9000015       3.00000014E-04   5.49999997E-03   1318.07751       1000.00000       1025077.50    
   76.9000015       3.00000014E-04   5.49999997E-03   1332.59912       1000.00000       1039599.12    
   77.9000015       3.00000014E-04   5.49999997E-03   1345.55994       1000.00000       1052559.88    
   78.9000015       3.00000014E-04   5.49999997E-03   1357.37268       1000.00000       1064372.62    
   79.9000015       3.00000014E-04   5.49999997E-03   1368.41638       1000.00000       1075416.38    
   80.9000015       3.00000014E-04   5.49999997E-03   1378.97156       1000.00000       1085971.50    
   81.9000015       3.00000014E-04   5.49999997E-03   1389.14001       1000.00000       1096140.00    
   82.9000015       3.00000014E-04   5.49999997E-03   1398.79846       1000.00000       1105798.50    
   83.9000015       3.00000014E-04   5.49999997E-03   1407.67407       1000.00000       1114674.12    
   84.9000015       3.00000014E-04   5.49999997E-03   1415.52063       1000.00000       1122520.62    
   85.9000015       3.00000014E-04   5.49999997E-03   1422.24109       1000.00000       1129241.12    
   86.9000015       3.00000014E-04   5.49999997E-03   1427.89197       1000.00000       1134892.00    
   87.9000015       3.00000014E-04   5.49999997E-03   1432.62793       1000.00000       1139627.88    
   88.9000015       3.00000014E-04   5.49999997E-03   1436.64539       1000.00000       1143645.38    
   89.9000015       3.00000014E-04   5.49999997E-03   1440.13440       1000.00000       1147134.50    
   90.9000015       3.00000014E-04   5.49999997E-03   1443.23596       1000.00000       1150236.00    
   91.9000015       3.00000014E-04   5.49999997E-03   1446.01917       1000.00000       1153019.12    
   92.9000015       3.00000014E-04   5.49999997E-03   1448.51526       1000.00000       1155515.25    
   93.9000015       3.00000014E-04   5.49999997E-03   1450.80188       1000.00000       1157801.88    
   94.9000015       3.00000014E-04   5.49999997E-03   1453.07166       1000.00000       1160071.62    
   95.9000015       3.00000014E-04   5.49999997E-03   1455.58740       1000.00000       1162587.38    
   96.9000015       3.00000014E-04   5.49999997E-03   1458.51270       1000.00000       1165512.62    
   97.9000015       3.00000014E-04   5.49999997E-03   1461.80200       1000.00000       1168802.00    
   98.9000015       3.00000014E-04   5.49999997E-03   1465.26526       1000.00000       1172265.25    
   99.9000015       3.00000014E-04   5.49999997E-03   1468.67883       1000.00000       1175678.88    
